%YAML:1.0
---
calibration_time: "Mon Jun 17 15:05:39 2019"
nframes: 14
image_width: 720
image_height: 576
board_width: 9
board_height: 7
square_size: 4.9999998882412910e-03
flags: 0
camera_matrix: !!opencv-matrix
   rows: 3
   cols: 3
   dt: d
   data: [ 8.3420409289969609e+02, 0., 3.7604540641146849e+02, 0.,
       9.0913782575813434e+02, 2.7139702250981327e+02, 0., 0., 1. ]
distortion_coefficients: !!opencv-matrix
   rows: 5
   cols: 1
   dt: d
   data: [ -3.4898165723602154e-01, 6.5169497356248629e-01,
       -4.3215954660822883e-03, 7.8463762635119566e-04, 0. ]
avg_reprojection_error: 4.3593252506330482e-01
per_view_reprojection_errors: !!opencv-matrix
   rows: 14
   cols: 1
   dt: f
   data: [ 3.31985623e-01, 3.56254995e-01, 5.17613411e-01,
       3.52635443e-01, 4.04790461e-01, 5.19605279e-01, 3.37987900e-01,
       4.53564584e-01, 3.86417776e-01, 4.97599930e-01, 5.26983440e-01,
       3.91484469e-01, 5.36680579e-01, 4.01732624e-01 ]
extrinsic_parameters: !!opencv-matrix
   rows: 14
   cols: 6
   dt: d
   data: [ -1.4906910613941615e-01, 2.2791600109017629e-01,
       -3.5761035360890586e-01, -5.9090368632541334e-03,
       -4.7446854496561658e-03, 1.5210283129270374e-01,
       2.1489332990156632e-01, 2.2824506496094624e-01,
       -3.3421819121882185e-01, -1.6335353170985480e-02,
       -2.9459693293081017e-03, 1.5319471098456741e-01,
       -7.6216968394153331e-02, 3.2685772683371184e-01,
       -3.9701746575637886e-01, -4.9507739989445645e-02,
       -8.4986069562638065e-03, 1.7148411902316457e-01,
       2.5631878374948053e-01, 4.7208063004849388e-01,
       -3.0187899133795448e-01, -1.8623730943060721e-02,
       -2.7163954839028490e-02, 1.9202769254935140e-01,
       -6.4097374487888337e-01, -1.0419161534626514e-01,
       -1.2261854412931941e-01, -2.1413155498150049e-02,
       -2.6612837275810186e-04, 1.6300282784775003e-01,
       7.0967324078086813e-01, -1.3103350465859392e-01,
       -8.8021721518929466e-02, -9.9673196310919483e-03,
       -4.6332856231587807e-03, 7.9639682657859964e-02,
       4.0566375653583187e-01, 8.3269140567382338e-01,
       -1.1305801562257239e-01, -1.2753959000232760e-02,
       -5.4408668774529973e-03, 1.0337167823422740e-01,
       9.8494521164141355e-02, -5.3003998207345993e-01,
       -9.2570101846455977e-02, -2.9238206025604218e-03,
       -1.3547537467663703e-02, 7.6198210944734682e-02,
       7.6266372048936093e-01, 4.2529154584741949e-02,
       -1.2300754840669310e-01, -1.2674130845345294e-02,
       -1.4346832132320459e-02, 1.0571120136028353e-01,
       2.2420157367972121e-01, -5.7384054396867668e-01,
       1.3132291161587079e-01, -3.7219159694148317e-02,
       5.6240421590186855e-03, 1.0799893601045778e-01,
       5.6832679905663375e-01, 3.2313759206292908e-01,
       -1.8792548977438883e-01, -2.2722518964014140e-02,
       6.6560342422245450e-03, 1.0461969066531156e-01,
       -2.4303346510347637e-01, 5.0578419152987353e-01,
       1.3553691275935238e-02, -1.0034443376530127e-02,
       -7.8016418056036096e-03, 1.0236540985914229e-01,
       -7.9167508072280524e-01, -2.0090500707434203e-01,
       -5.0873819168595650e-03, -1.9005604486505075e-02,
       -1.0357838861992565e-02, 8.3573753348258381e-02,
       6.3626427627310833e-01, -1.3296719001449683e-01,
       3.4583416214203890e-02, -1.9458538588544835e-02,
       -8.1003653423343466e-03, 6.4779385206100853e-02 ]
image_points: !!opencv-matrix
   rows: 14
   cols: 63
   dt: "2f"
   data: [ 3.43933746e+02, 2.42715103e+02, 3.68486084e+02,
       2.32305954e+02, 3.93906464e+02, 2.20735214e+02, 4.19303467e+02,
       2.09591049e+02, 4.45285187e+02, 1.97865860e+02, 4.70928101e+02,
       1.86636383e+02, 4.97635284e+02, 1.75148163e+02, 5.23293823e+02,
       1.63747284e+02, 5.49903748e+02, 1.52028152e+02, 3.52443085e+02,
       2.70841003e+02, 3.77906769e+02, 2.59905701e+02, 4.02880829e+02,
       2.48279007e+02, 4.28979126e+02, 2.37354904e+02, 4.54899231e+02,
       2.26075562e+02, 4.81283356e+02, 2.14385391e+02, 5.07406158e+02,
       2.03475922e+02, 5.33642273e+02, 1.92005295e+02, 5.60073303e+02,
       1.80018341e+02, 3.61211914e+02, 2.98687408e+02, 3.86797363e+02,
       2.87902374e+02, 4.12540955e+02, 2.76634186e+02, 4.38546844e+02,
       2.65556366e+02, 4.64667358e+02, 2.54429581e+02, 4.91241394e+02,
       2.42899811e+02, 5.17408386e+02, 2.31383774e+02, 5.44161621e+02,
       2.20043671e+02, 5.70383362e+02, 2.08228729e+02, 3.70374756e+02,
       3.27267548e+02, 3.96484619e+02, 3.16131836e+02, 4.21999725e+02,
       3.05515289e+02, 4.47958496e+02, 2.94477875e+02, 4.74513641e+02,
       2.83392548e+02, 5.01014801e+02, 2.71900543e+02, 5.27767395e+02,
       2.60643616e+02, 5.54445129e+02, 2.49265259e+02, 5.81324524e+02,
       2.37532364e+02, 3.80065002e+02, 3.55823517e+02, 4.05373413e+02,
       3.44868256e+02, 4.31614410e+02, 3.34272583e+02, 4.57861755e+02,
       3.23254242e+02, 4.84889496e+02, 3.12055511e+02, 5.11398071e+02,
       3.00707214e+02, 5.38202698e+02, 2.89693390e+02, 5.64512451e+02,
       2.78049164e+02, 5.91828308e+02, 2.66584198e+02, 3.88897369e+02,
       3.84254974e+02, 4.14818726e+02, 3.73769257e+02, 4.41177338e+02,
       3.62977325e+02, 4.67608002e+02, 3.52157990e+02, 4.94234009e+02,
       3.41874451e+02, 5.21412842e+02, 3.29909698e+02, 5.48370361e+02,
       3.18508636e+02, 5.74853638e+02, 3.07380798e+02, 6.01649963e+02,
       2.95591064e+02, 3.98356720e+02, 4.12783295e+02, 4.24279236e+02,
       4.02623016e+02, 4.51178131e+02, 3.91666901e+02, 4.77818573e+02,
       3.81603577e+02, 5.03925903e+02, 3.70741943e+02, 5.31085754e+02,
       3.60364655e+02, 5.57499329e+02, 3.48215118e+02, 5.85148010e+02,
       3.37118683e+02, 6.12842163e+02, 3.25462677e+02, 2.87843750e+02,
       2.54086182e+02, 3.12050873e+02, 2.44701797e+02, 3.36644257e+02,
       2.36076569e+02, 3.62026855e+02, 2.25993301e+02, 3.87721832e+02,
       2.16500748e+02, 4.13894775e+02, 2.06998291e+02, 4.40313934e+02,
       1.96920807e+02, 4.67288025e+02, 1.87784943e+02, 4.94422791e+02,
       1.77354309e+02, 2.97406586e+02, 2.81535980e+02, 3.21198822e+02,
       2.72430725e+02, 3.46213135e+02, 2.63433075e+02, 3.71320984e+02,
       2.54192215e+02, 3.96900299e+02, 2.44865967e+02, 4.23468719e+02,
       2.35424713e+02, 4.50035400e+02, 2.26178726e+02, 4.76651093e+02,
       2.16504745e+02, 5.03391327e+02, 2.06297485e+02, 3.07033356e+02,
       3.07973083e+02, 3.31333832e+02, 2.99535461e+02, 3.55700317e+02,
       2.90749786e+02, 3.80556305e+02, 2.82424042e+02, 4.06519165e+02,
       2.73576538e+02, 4.32676971e+02, 2.64154205e+02, 4.59510590e+02,
       2.54726974e+02, 4.85528503e+02, 2.45361221e+02, 5.12426636e+02,
       2.35632217e+02, 3.16853851e+02, 3.35232208e+02, 3.40504517e+02,
       3.26533478e+02, 3.65631592e+02, 3.18181946e+02, 3.90559448e+02,
       3.10295166e+02, 4.16382538e+02, 3.01271515e+02, 4.42404175e+02,
       2.92104095e+02, 4.68566040e+02, 2.83148926e+02, 4.94906403e+02,
       2.74004364e+02, 5.21560181e+02, 2.64719055e+02, 3.26467957e+02,
       3.61311066e+02, 3.50430115e+02, 3.52880310e+02, 3.75001587e+02,
       3.45403259e+02, 4.00065765e+02, 3.36977234e+02, 4.25728424e+02,
       3.28723724e+02, 4.51194580e+02, 3.20253967e+02, 4.77466949e+02,
       3.11255005e+02, 5.03620239e+02, 3.02291473e+02, 5.30319458e+02,
       2.93250824e+02, 3.35667694e+02, 3.86379120e+02, 3.59484406e+02,
       3.79048035e+02, 3.84183960e+02, 3.71454987e+02, 4.08838867e+02,
       3.63277069e+02, 4.34485138e+02, 3.55462891e+02, 4.60460571e+02,
       3.47022003e+02, 4.86458954e+02, 3.38566895e+02, 5.12342529e+02,
       3.30282806e+02, 5.38728638e+02, 3.21382965e+02, 3.44857025e+02,
       4.11508331e+02, 3.68726410e+02, 4.04291534e+02, 3.93354187e+02,
       3.96606842e+02, 4.18473541e+02, 3.89473938e+02, 4.43618195e+02,
       3.81460999e+02, 4.68474670e+02, 3.73531738e+02, 4.94610321e+02,
       3.65363403e+02, 5.20609253e+02, 3.57305237e+02, 5.46740784e+02,
       3.47865173e+02, 1.40771790e+02, 2.27758682e+02, 1.60071609e+02,
