%YAML:1.0
---
calibration_time: "Mon Jun 17 14:54:22 2019"
nframes: 11
image_width: 720
image_height: 576
board_width: 9
board_height: 7
square_size: 4.9999998882412910e-03
flags: 0
camera_matrix: !!opencv-matrix
   rows: 3
   cols: 3
   dt: d
   data: [ 8.3499832635950338e+02, 0., 2.9068399564468729e+02, 0.,
       9.1178463526002020e+02, 2.7974183265433021e+02, 0., 0., 1. ]
distortion_coefficients: !!opencv-matrix
   rows: 5
   cols: 1
   dt: d
   data: [ -3.4262373232035787e-01, 7.7129712976521791e-01,
       -3.0383631988349655e-03, 8.3135998654005928e-03, 0. ]
avg_reprojection_error: 4.4164900393563478e-01
per_view_reprojection_errors: !!opencv-matrix
   rows: 11
   cols: 1
   dt: f
   data: [ 3.86030585e-01, 3.56572866e-01, 3.28381270e-01,
       3.05408090e-01, 5.52646220e-01, 4.39111918e-01, 6.28186405e-01,
       3.84130538e-01, 5.79233944e-01, 3.96143943e-01, 3.68057817e-01 ]
extrinsic_parameters: !!opencv-matrix
   rows: 11
   cols: 6
   dt: d
   data: [ -2.4059086084966061e-01, 2.2330340487023745e-01,
       -3.4523093353274781e-01, -4.2930042851040164e-03,
       -7.3543369365521791e-03, 1.8250130638808473e-01,
       1.4976870433204054e-01, 3.6329881388013641e-01,
       -5.6667419427626897e-01, -4.0450459986227205e-02,
       -1.2097726440415950e-02, 1.5935730084063010e-01,
       1.2648697566351069e-01, 4.6418364804741391e-01,
       -2.7566630164290179e-01, -2.3412038286019742e-02,
       -3.1248692833731596e-02, 1.8039582106310484e-01,
       -5.5582606825432013e-01, -1.4234488398527906e-01,
       -1.8989357352537822e-01, -1.8775636233740723e-02,
       1.9475307904310784e-04, 1.6228257107906593e-01,
       -7.8441642599934136e-01, -5.1889455820602830e-02,
       4.3663112875418270e-02, 2.9929176613097000e-03,
       -1.1430601221194842e-02, 1.1786490114766865e-01,
       -7.6226470096743038e-01, -2.0396004091956574e-01,
       -4.7765770554571542e-03, -1.6155687324763340e-02,
       -1.2317256515447485e-02, 8.3779196898426972e-02,
       7.8648999345892878e-01, -1.4068144165774635e-01,
       -6.6781068576075242e-02, -5.3503399348809027e-03,
       -2.9562074893123968e-03, 7.9874657904195498e-02,
       3.1454515587800935e-01, 8.6231640512939334e-01,
       -1.1839018275397359e-01, -5.9483830436882212e-03,
       -6.8361395542033626e-03, 1.0783287331955030e-01,
       1.2328549397223848e-01, -5.3879631301774811e-01,
       -9.4522191893511784e-02, 1.5851278157155567e-03,
       -1.4254416245646809e-02, 7.6354673200675488e-02,
       4.3397951454029499e-02, -4.6348465247157006e-01,
       2.5593036274797537e-01, -2.7284137577734621e-02,
       -1.5631171262633532e-04, 1.2960945115580780e-01,
       -1.0579469209967780e+00, 2.1290489782587013e-01,
       2.4055262881160755e-01, 1.2503265573270425e-03,
       -1.8486590036324572e-04, 1.2384228702083096e-01 ]
image_points: !!opencv-matrix
   rows: 11
   cols: 63
   dt: "2f"
   data: [ 2.70964508e+02, 2.43181900e+02, 2.92057831e+02,
       2.33771927e+02, 3.13068146e+02, 2.24234070e+02, 3.34519775e+02,
       2.15783905e+02, 3.55713654e+02, 2.05684357e+02, 3.78091827e+02,
       1.96463791e+02, 3.99776703e+02, 1.87162811e+02, 4.21079102e+02,
       1.77587418e+02, 4.43538391e+02, 1.68170303e+02, 2.78034912e+02,
       2.65683472e+02, 2.98754028e+02, 2.56483521e+02, 3.20554657e+02,
       2.46998840e+02, 3.42098694e+02, 2.37822647e+02, 3.63880157e+02,
       2.28574600e+02, 3.85893433e+02, 2.19501068e+02, 4.07449158e+02,
       2.09678802e+02, 4.30475372e+02, 2.00270035e+02, 4.51744690e+02,
       1.91137833e+02, 2.84931519e+02, 2.88644409e+02, 3.06233917e+02,
       2.80104767e+02, 3.27580780e+02, 2.70625122e+02, 3.49879639e+02,
       2.61074219e+02, 3.71514038e+02, 2.51698120e+02, 3.94134216e+02,
       2.42473038e+02, 4.16316071e+02, 2.32504379e+02, 4.38571991e+02,
       2.23926788e+02, 4.60731445e+02, 2.13813629e+02, 2.92346985e+02,
       3.11992126e+02, 3.13773132e+02, 3.03548828e+02, 3.35456329e+02,
       2.94228149e+02, 3.57113861e+02, 2.84526398e+02, 3.79760254e+02,
       2.75260681e+02, 4.01454437e+02, 2.66044434e+02, 4.24452484e+02,
       2.56187317e+02, 4.46725037e+02, 2.47564133e+02, 4.69211273e+02,
       2.37776199e+02, 2.99383575e+02, 3.36280609e+02, 3.20524475e+02,
       3.26811127e+02, 3.43190613e+02, 3.18149719e+02, 3.65398041e+02,
       3.08704346e+02, 3.87567963e+02, 2.98866638e+02, 4.09780182e+02,
       2.89702942e+02, 4.31856628e+02, 2.79962402e+02, 4.55397827e+02,
       2.71033234e+02, 4.77618042e+02, 2.61828827e+02, 3.06586945e+02,
       3.59754608e+02, 3.28383331e+02, 3.50950073e+02, 3.51129120e+02,
       3.42109039e+02, 3.73135132e+02, 3.32573761e+02, 3.95664185e+02,
       3.23508911e+02, 4.17903259e+02, 3.14005432e+02, 4.40583313e+02,
       3.04238953e+02, 4.63471741e+02, 2.95224274e+02, 4.86326111e+02,
       2.85742401e+02, 3.14384094e+02, 3.83859802e+02, 3.36282318e+02,
       3.74862915e+02, 3.58720734e+02, 3.66419281e+02, 3.80702759e+02,
       3.57423950e+02, 4.03616119e+02, 3.47637085e+02, 4.25939453e+02,
       3.38579468e+02, 4.49110687e+02, 3.28797974e+02, 4.71688110e+02,
       3.19397552e+02, 4.95858429e+02, 3.09961700e+02, 8.37510834e+01,
       2.11934280e+02, 1.01742104e+02, 1.96522186e+02, 1.19222939e+02,
       1.81526474e+02, 1.38158356e+02, 1.65656937e+02, 1.56762695e+02,
       1.49366745e+02, 1.76553131e+02, 1.32935913e+02, 1.96928680e+02,
       1.15656166e+02, 2.17575912e+02, 9.87120590e+01, 2.38604568e+02,
       8.10437241e+01, 9.79670563e+01, 2.35783310e+02, 1.15339996e+02,
       2.19764725e+02, 1.33422318e+02, 2.05774231e+02, 1.52310257e+02,
       1.90247726e+02, 1.71306107e+02, 1.73490570e+02, 1.90905090e+02,
       1.57663956e+02, 2.11353836e+02, 1.40696808e+02, 2.32782257e+02,
       1.23734505e+02, 2.54441650e+02, 1.06290565e+02, 1.11593864e+02,
       2.58351593e+02, 1.29031906e+02, 2.44593811e+02, 1.47779892e+02,
       2.29385971e+02, 1.66390427e+02, 2.13918167e+02, 1.85947556e+02,
       1.98231293e+02, 2.06295761e+02, 1.82661667e+02, 2.26608063e+02,
       1.65516937e+02, 2.48067520e+02, 1.49553207e+02, 2.69768066e+02,
       1.31737610e+02, 1.25558907e+02, 2.82345154e+02, 1.43161041e+02,
       2.68063568e+02, 1.62157501e+02, 2.53326111e+02, 1.80938431e+02,
       2.38468109e+02, 2.00623642e+02, 2.23550110e+02, 2.21314468e+02,
       2.08270889e+02, 2.41958603e+02, 1.91660416e+02, 2.63544922e+02,
       1.74538223e+02, 2.85274109e+02, 1.57709412e+02, 1.39212982e+02,
       3.04936676e+02, 1.57448334e+02, 2.91769073e+02, 1.76372070e+02,
       2.78205536e+02, 1.95524124e+02, 2.62934418e+02, 2.15559219e+02,
       2.48325027e+02, 2.36172485e+02, 2.32632614e+02, 2.57282349e+02,
       2.16912140e+02, 2.78689606e+02, 2.00568573e+02, 3.00950500e+02,
       1.84269287e+02, 1.53254990e+02, 3.28620575e+02, 1.71466827e+02,
       3.15217041e+02, 1.90756287e+02, 3.01694183e+02, 2.10702530e+02,
       2.87762726e+02, 2.30488678e+02, 2.72887054e+02, 2.51008896e+02,
       2.57875763e+02, 2.72454895e+02, 2.42081192e+02, 2.94269867e+02,
       2.26309555e+02, 3.16590881e+02, 2.10362778e+02, 1.68079620e+02,
       3.52338623e+02, 1.86273010e+02, 3.39325500e+02, 2.05245407e+02,
       3.25829773e+02, 2.24405548e+02, 3.12043671e+02, 2.45427887e+02,
       2.97667542e+02, 2.66373230e+02, 2.82849945e+02, 2.87936249e+02,
       2.67918365e+02, 3.10020020e+02, 2.52262085e+02, 3.32510162e+02,
       2.36131592e+02, 1.84448212e+02, 1.24086304e+02, 2.02513382e+02,
       1.15923828e+02, 2.21841110e+02, 1.08140846e+02, 2.40626419e+02,
       9.94464264e+01, 2.61199432e+02, 9.04279480e+01, 2.81453979e+02,
       8.24894791e+01, 3.02750732e+02, 7.38465881e+01, 3.24116913e+02,
       6.46528397e+01, 3.46454590e+02, 5.54460411e+01, 1.90438507e+02,
       1.47732880e+02, 2.08596680e+02, 1.39716370e+02, 2.28165863e+02,
       1.31667526e+02, 2.47681793e+02, 1.23810081e+02, 2.68138428e+02,
       1.15856735e+02, 2.88359528e+02, 1.07791283e+02, 3.09330902e+02,
       9.87934189e+01, 3.30698212e+02, 9.00913849e+01, 3.53639404e+02,
