%YAML:1.0
---
R: !!opencv-matrix
   rows: 3
   cols: 3
   dt: d
   data: [ 9.9623400697587150e-01, 5.0128070163403754e-03,
       8.6560239779104958e-02, -5.4365524316925410e-03,
       9.9997436224831848e-01, 4.6603372974711836e-03,
       -8.6534659197668728e-02, -5.1133757817778073e-03,
       9.9623571816395817e-01 ]
T: !!opencv-matrix
   rows: 3
   cols: 1
   dt: d
   data: [ -2.7904090103266069e-02, -2.5384872779079566e-04,
       1.2595697247538506e-03 ]
R1: !!opencv-matrix
   rows: 3
   cols: 3
   dt: d
   data: [ 9.9903209090330358e-01, 1.4325395707386973e-02,
       4.1589233981888352e-02, -1.4416003065984439e-02,
       9.9989431754008640e-01, 1.8795229838454500e-03,
       -4.1557913818850496e-02, -2.4772543010467829e-03,
       9.9913302568284312e-01 ]
R2: !!opencv-matrix
   rows: 3
   cols: 3
   dt: d
   data: [ 9.9894152752789667e-01, 9.0875579516090377e-03,
       -4.5091472261488727e-02, -9.1867432882864336e-03,
       9.9995581506545217e-01, -1.9929035457221739e-03,
       4.5071369271274454e-02, 2.4050378923366538e-03,
       9.9898087442390437e-01 ]
P1: !!opencv-matrix
   rows: 3
   cols: 4
   dt: d
   data: [ 7.3508319240794344e+02, 0., 3.6308411026000977e+02, 0., 0.,
       7.3508319240794344e+02, 2.8552347946166992e+02, 0., 0., 0., 1.,
       0. ]
P2: !!opencv-matrix
   rows: 3
   cols: 4
   dt: d
   data: [ 7.3508319240794344e+02, 0., 3.6308411026000977e+02,
       -2.0533561844314157e+01, 0., 7.3508319240794344e+02,
       2.8552347946166992e+02, 0., 0., 0., 1., 0. ]
Q: !!opencv-matrix
   rows: 4
   cols: 4
   dt: d
   data: [ 1., 0., 0., -3.6308411026000977e+02, 0., 1., 0.,
       -2.8552347946166992e+02, 0., 0., 0., 7.3508319240794344e+02, 0.,
       0., 3.5799107723314528e+01, 0. ]
