%YAML:1.0
---
M1: !!opencv-matrix
   rows: 3
   cols: 3
   dt: d
   data: [ 1.0190403577104992e+03, 0., 3.6385184672640128e+02, 0.,
       1.1172385639903275e+03, 2.8734881313838900e+02, 0., 0., 1. ]
D1: !!opencv-matrix
   rows: 1
   cols: 14
   dt: d
   data: [ -6.0274373489000443e-01, 4.8745056740535651e+00, 0., 0., 0.,
       0., 0., 2.3344124200909352e+01, 0., 0., 0., 0., 0., 0. ]
M2: !!opencv-matrix
   rows: 3
   cols: 3
   dt: d
   data: [ 1.0190403577104992e+03, 0., 3.4624078912103931e+02, 0.,
       1.1172385639903275e+03, 2.8484516133164846e+02, 0., 0., 1. ]
D2: !!opencv-matrix
   rows: 1
   cols: 14
   dt: d
   data: [ -6.8052944050305586e-01, 2.9447440885148399e+00, 0., 0., 0.,
       0., 0., -9.5271851402907404e-01, 0., 0., 0., 0., 0., 0. ]
